0.07819334409383817
0.0500255664666527
0.037579625682285824
0.03640603245401116
0.032644989588595505
0.02772267468365348
0.026912556523453382
0.015068813839159203
0.013755067088872735
0.01374890649449859
0.011614260543857271
0.011300070230775866
0.009413388203693892
0.009282475573243307
0.00870183955348012
0.007569830337230936
0.007537487216766674
0.007443538152560959
0.007275661955865502
0.00712626754229248
0.007061581301363955
0.006662682815638052
0.006273025221473368
0.006042002932442922
0.006028141595101095
0.005923411490740627
0.005593819691723858
0.005453666169712054
0.005381279185815847
0.00535509665972573
0.005218023434900999
0.005036285900863715
0.004997782186025308
0.004301635021746898
0.004164561796922167
0.0041275982306772955
0.003945860696640012
0.00375488227104151
0.003664013504022868
0.003637830977932751
0.0035546629538817905
0.0034191298776505958
0.0032219908576779487
0.0031804068456524684
0.0030941585244144356
0.0030879979300402903
0.0028970195044417885
0.0028523551952292356
0.002849274898042163
0.0028307931149197277
0.0027491652394623033
0.002732223604933404
0.002716822118998041
0.002665997215411343
0.002610551866044036
0.0025689678540185557
0.0025674277054250193
0.0024904202757482044
0.0024811793841869865
0.0024118726974778526
0.002327164524833356
0.0022347556092211776
0.0021515875851702173
0.00198371138847476
0.001972930348320006
0.0019590690109781792
0.0019436675250428161
0.001932886484888062
0.0019190251475462352
0.0019190251475462352
0.0019113244045785537
0.0018897623242690456
0.0018312366777146658
0.0018235359347469843
0.0017850322199085768
0.0017850322199085768
0.001751148950850778
0.0017496088022572417
0.0017434482078830965
0.0017342073163218788
0.0016464188464903095
0.0016448786978967731
0.0016325575091484827
0.0015878931999359297
0.0015832727541553208
0.0015570902280652038
0.0015555500794716675
0.0015339879991621592
0.0015108857702591145
0.0014800827983883886
0.0014800827983883886
0.0014693017582336344
0.0014662214610465618
0.0014461995293305898
0.0014292578948016904
0.0014200170032404725
0.0013630315052796293
0.0013476300193442663
0.0013430095735636573
0.0013399292763765847
0.0013260679390347582
0.0013045058587252498
0.0013029657101317135
0.001299885412944641
0.0012737028868545237
0.0012721627382609874
0.0012228779832678257
0.0012182575374872168
0.0012167173888936805
0.0012105567945195352
0.001209016645925999
0.0011905348628035632
0.001188994714210027
0.0011812939712423454
0.0011720530796811277
0.0011628121881199099
0.0011504909993716194
0.0011504909993716194
0.0011397099592168653
0.001118147878907357
0.0011119872845332117
0.001108906987346139
0.0011073668387526028
0.0010996660957849212
0.001093505501410776
0.0010765638668818768
0.0010642426781335864
0.0010596222323529774
0.0010503813407917596
0.0010457608950111507
0.0010241988147016423
0.0010041768829856705
0.0010026367343921342
0.0010026367343921342
0.000996476140017989
0.0009949359914244527
0.0009949359914244527
0.00099185569423738
0.0009795345054890896
0.0009779943568955533
0.0009779943568955533
0.0009656731681472628
0.0009502716822118999
0.0009456512364312909
0.0009425709392442183
0.000941030790650682
0.000941030790650682
0.0009379504934636094
0.0009333300476830005
0.0009317898990894642
0.0009317898990894642
0.0009271694533088552
0.0009256293047153189
0.0009163884131541011
0.000905607372999347
0.0009009869272187381
0.0008917460356575202
0.0008886657384704476
0.0008840452926898387
0.0008763445497221572
0.0008748044011286208
0.0008517021722255763
0.0008486218750385037
0.0008486218750385037
0.0008470817264449674
0.0008424612806643585
0.0008409211320708222
0.0008393809834772859
0.0008393809834772859
0.0008208992003548503
0.000819359051761314
0.0008116583087936324
0.0008101181602000961
0.0008085780116065598
0.0008085780116065598
0.0008070378630130235
0.000783935634109979
0.00077931518832937
0.0007669939995810796
0.000759293256613398
0.0007577531080198617
0.0007577531080198617
0.0007577531080198617
0.0007531326622392528
0.0007454319192715714
0.0007423516220844987
0.0007423516220844987
0.0007408114734909624
0.0007392713248974261
0.0007377311763038898
0.0007331107305232809
0.0007315705819297446
0.0007254099875555994
0.0007207895417749904
0.0007192493931814541
0.0007192493931814541
0.0007130887988073089
0.0007115486502137726
0.0007115486502137726
0.0007100085016202363
0.0007069282044331638
0.0007069282044331638
0.0007038479072460911
0.0007038479072460911
0.0006976873128719459
0.0006961471642784096
0.0006899865699042644
0.0006899865699042644
0.0006853661241236554
0.0006838259755301191
0.0006838259755301191
0.0006822858269365828
0.0006807456783430465
0.0006807456783430465
0.0006776653811559739
0.000673044935375365
0.0006638040438141472
0.0006638040438141472
0.0006622638952206109
0.0006561033008464657
0.0006530230036593931
0.0006499427064723205
0.0006468624092852478
0.0006468624092852478
0.0006453222606917115
0.0006407018149111026
0.0006407018149111026
0.0006407018149111026
0.0006360813691304937
0.0006345412205369574
0.0006345412205369574
0.0006314609233498848
0.0006299207747563484
0.0006299207747563484
0.0006299207747563484
0.0006253003289757396
0.0006191397346015944
0.0006175995860080581
0.0006160594374145218
0.0006160594374145218
0.0006145192888209855
0.0006114389916339129
0.0006114389916339129
0.0006098988430403765
0.0006083586944468402
0.0006068185458533039
0.0006068185458533039
0.0006068185458533039
0.000602198100072695
0.0005944973571050135
0.0005929572085114771
0.0005929572085114771
0.0005914170599179408
0.0005914170599179408
0.0005898769113244045
0.000586796614137332
0.0005821761683567231
0.0005806360197631868
0.0005790958711696505
0.0005790958711696505
0.0005729352767955052
0.0005729352767955052
0.0005713951282019689
0.0005698549796084326
0.0005683148310148963
0.00056677468242136
0.0005636943852342874
0.0005636943852342874
0.0005621542366407511
0.0005606140880472148
0.0005590739394536785
0.0005544534936730695
0.0005544534936730695
0.0005529133450795332
0.0005529133450795332
0.0005529133450795332
0.0005513731964859969
0.0005513731964859969
0.0005513731964859969
0.0005498330478924606
0.0005482928992989243
0.0005421323049247792
0.0005421323049247792
0.0005405921563312429
0.0005390520077377066
0.0005344315619570976
0.0005344315619570976
0.0005298111161764887
0.0005298111161764887
0.0005282709675829524
0.0005267308189894161
0.0005267308189894161
0.0005251906703958798
0.0005251906703958798
0.0005251906703958798
0.0005251906703958798
0.0005236505218023435
0.0005221103732088072
0.0005221103732088072
0.0005221103732088072
0.0005205702246152709
0.0005190300760217346
0.0005159497788346619
0.0005159497788346619
0.0005159497788346619
0.0005144096302411256
0.0005144096302411256
0.0005128694816475893
0.0005128694816475893
0.000511329333054053
0.0005097891844605167
0.0005082490358669804
0.0005067088872734441
0.0005051687386799079
0.0005051687386799079
0.0005036285900863716
0.0005036285900863716
0.0005036285900863716
0.0005036285900863716
0.0005036285900863716
0.0005036285900863716
0.0004990081443057627
0.0004974679957122263
0.0004943876985251537
0.0004928475499316174
0.0004913074013380811
0.0004897672527445448
0.0004866869555574722
0.0004866869555574722
0.0004851468069639359
0.00048360665837039957
0.00048206650977686326
0.00048052636118332695
0.00047744606399625434
0.00047590591540271803
0.00047128546962210916
0.00046974532102857285
0.00046820517243503654
0.00046666502384150023
0.00046666502384150023
0.0004651248752479639
0.0004635847266544276
0.0004635847266544276
0.0004635847266544276
0.0004620445780608913
0.0004620445780608913
0.0004620445780608913
0.0004589642808738187
0.00045588398368674607
0.00045588398368674607
0.0004543438350932098
0.0004543438350932098
0.0004543438350932098
0.0004543438350932098
0.0004528036864996735
0.0004497233893126009
0.0004497233893126009
0.0004481832407190646
0.00044510294353199197
0.00044510294353199197
0.00044510294353199197
0.00044356279493845566
0.00044202264634491935
0.00043894234915784673
0.0004374022005643104
0.0004374022005643104
0.0004358620519707741
0.0004358620519707741
0.00043432190337723786
0.00043432190337723786
0.00043278175478370155
0.00043278175478370155
0.00043278175478370155
0.00043278175478370155
0.00043278175478370155
0.00043124160619016524
0.00042970145759662894
0.0004281613090030926
0.0004235408632224837
0.0004204605660354111
0.0004204605660354111
0.0004204605660354111
0.0004189204174418748
0.0004189204174418748
0.0004189204174418748
0.0004189204174418748
0.0004189204174418748
0.00041738026884833847
0.00041584012025480216
0.0004142999716612659
0.0004142999716612659
0.0004127598230677296
0.0004127598230677296
0.0004112196744741933
0.000409679525880657
0.00040813937728712067
0.00040659922869358436
0.00040659922869358436
0.00040505908010004805
0.00040351893150651174
0.00040351893150651174
0.00040197878291297544
0.00040197878291297544
0.00040043863431943913
0.00040043863431943913
0.0003988984857259028
0.0003988984857259028
0.0003973583371323665
0.0003958181885388302
0.00039427803994529395
0.00039427803994529395
0.00039427803994529395
0.00039119774275822133
0.000389657594164685
0.000389657594164685
0.0003881174455711487
0.0003881174455711487
0.0003865772969776124
0.0003850371483840761
0.0003850371483840761
0.0003850371483840761
0.0003834969997905398
0.0003834969997905398
0.0003819568511970035
0.0003819568511970035
0.00038041670260346717
0.00038041670260346717
0.00038041670260346717
0.00038041670260346717
0.00038041670260346717
0.00037887655400993086
0.00037887655400993086
0.00037887655400993086
0.00037733640541639455
0.00037579625682285825
0.000374256108229322
0.000374256108229322
0.000374256108229322
0.0003711758110422494
0.00036963566244871307
0.00036963566244871307
0.00036963566244871307
0.00036963566244871307
0.00036963566244871307
0.00036963566244871307
0.00036809551385517676
0.00036655536526164045
0.00036501521666810414
0.00036347506807456783
0.00036347506807456783
0.00036347506807456783
0.00036347506807456783
0.0003619349194810315
0.0003619349194810315
0.0003603947708874952
0.0003603947708874952
0.0003588546222939589
0.0003588546222939589
0.00035423417651335
0.0003526940279198137
0.0003511538793262774
0.0003511538793262774
0.0003511538793262774
0.0003496137307327411
0.0003496137307327411
0.0003496137307327411
0.0003480735821392048
0.0003480735821392048
0.0003480735821392048
0.0003480735821392048
0.0003480735821392048
0.0003465334335456685
0.0003465334335456685
0.0003465334335456685
0.0003449932849521322
0.0003449932849521322
0.0003449932849521322
0.0003449932849521322
0.0003449932849521322
0.0003434531363585959
0.0003434531363585959
0.0003434531363585959
0.0003434531363585959
0.00034191298776505957
0.00034191298776505957
0.00034037283917152326
0.00034037283917152326
0.00034037283917152326
0.00034037283917152326
0.00033883269057798695
0.00033883269057798695
0.00033883269057798695
0.00033883269057798695
0.00033729254198445064
0.00033729254198445064
0.00033729254198445064
0.00033729254198445064
0.00033729254198445064
0.00033575239339091433
0.00033575239339091433
0.000334212244797378
0.000334212244797378
0.00033267209620384177
0.00033267209620384177
0.00033113194761030546
0.00033113194761030546
0.00033113194761030546
0.00032959179901676915
0.00032959179901676915
0.00032805165042323284
0.00032805165042323284
0.00032805165042323284
0.00032805165042323284
0.00032651150182969654
0.00032651150182969654
0.00032651150182969654
0.00032497135323616023
0.00032497135323616023
0.00032497135323616023
0.0003234312046426239
0.0003234312046426239
0.0003218910560490876
0.0003203509074555513
0.000318810758862015
0.000318810758862015
0.000318810758862015
0.0003172706102684787
0.0003172706102684787
0.0003172706102684787
0.0003172706102684787
0.0003157304616749424
0.00031419031308140607
0.00031419031308140607
0.00031419031308140607
0.00031419031308140607
0.0003126501644878698
0.0003126501644878698
0.0003126501644878698
0.0003111100158943335
0.0003095698673007972
0.0003080297187072609
0.0003080297187072609
0.0003064895701137246
0.00030494942152018827
0.00030494942152018827
0.00030494942152018827
0.00030340927292665196
0.00030340927292665196
0.00030340927292665196
0.00030186912433311565
0.00030032897573957935
0.00030032897573957935
0.00029878882714604304
0.00029878882714604304
0.00029724867855250673
0.0002957085299589704
0.0002957085299589704
0.0002957085299589704
0.0002957085299589704
0.0002957085299589704
0.0002941683813654341
0.0002941683813654341
0.0002941683813654341
0.0002941683813654341
0.0002941683813654341
0.00029262823277189786
0.00029262823277189786
0.00029262823277189786
0.00029108808417836155
0.00029108808417836155
0.00029108808417836155
0.00028954793558482524
0.00028954793558482524
0.00028954793558482524
0.00028954793558482524
0.00028954793558482524
0.00028954793558482524
0.00028800778699128893
0.00028800778699128893
0.00028800778699128893
0.00028800778699128893
0.0002864676383977526
0.0002864676383977526
0.0002864676383977526
0.0002864676383977526
0.0002849274898042163
0.0002849274898042163
0.0002849274898042163
0.0002849274898042163
0.00028338734121068
0.0002818471926171437
0.0002818471926171437
0.0002818471926171437
0.0002818471926171437
0.0002818471926171437
0.0002803070440236074
0.0002803070440236074
0.0002803070440236074
0.0002803070440236074
0.0002803070440236074
0.0002803070440236074
0.0002787668954300711
0.0002787668954300711
0.0002787668954300711
0.00027722674683653477
0.00027722674683653477
0.00027568659824299846
0.00027568659824299846
0.00027568659824299846
0.00027414644964946216
0.0002726063010559259
0.0002726063010559259
0.0002710661524623896
0.0002710661524623896
0.0002695260038688533
0.0002695260038688533
0.0002695260038688533
0.0002695260038688533
0.000267985855275317
0.000267985855275317
0.000267985855275317
0.000267985855275317
0.000267985855275317
0.00026644570668178067
0.00026644570668178067
0.00026644570668178067
0.00026490555808824436
0.00026490555808824436
0.00026490555808824436
0.00026336540949470805
0.00026336540949470805
0.00026336540949470805
0.00026336540949470805
0.00026336540949470805
0.00026336540949470805
0.00026182526090117174
0.00026182526090117174
0.00026182526090117174
0.00026182526090117174
0.00026182526090117174
0.00026028511230763543
0.00026028511230763543
0.0002587449637140991
0.0002587449637140991
0.0002587449637140991
0.0002572048151205628
0.0002572048151205628
0.0002572048151205628
0.0002572048151205628
0.0002556646665270265
0.0002556646665270265
0.0002556646665270265
0.0002556646665270265
0.0002556646665270265
0.0002556646665270265
0.0002541245179334902
0.0002541245179334902
0.0002541245179334902
0.0002541245179334902
0.0002541245179334902
0.0002541245179334902
0.00025258436933995394
0.00025258436933995394
0.00025258436933995394
0.00025258436933995394
0.00025104422074641764
0.00025104422074641764
0.00024950407215288133
0.00024950407215288133
0.00024950407215288133
0.000247963923559345
0.000247963923559345
0.000247963923559345
0.000247963923559345
0.0002464237749658087
0.0002464237749658087
0.0002448836263722724
0.0002448836263722724
0.0002448836263722724
0.0002448836263722724
0.0002448836263722724
0.0002448836263722724
0.0002448836263722724
0.0002448836263722724
0.0002433434777787361
0.0002433434777787361
0.0002433434777787361
0.0002433434777787361
0.0002433434777787361
0.0002433434777787361
0.00024180332918519979
0.00024180332918519979
0.00024026318059166348
0.00024026318059166348
0.00024026318059166348
0.00024026318059166348
0.00023872303199812717
0.00023872303199812717
0.00023872303199812717
0.00023872303199812717
0.0002371828834045909
0.0002371828834045909
0.0002371828834045909
0.0002371828834045909
0.0002371828834045909
0.0002371828834045909
0.00023564273481105458
0.00023564273481105458
0.00023410258621751827
0.00023410258621751827
0.00023256243762398196
0.00023256243762398196
0.00023102228903044565
0.00023102228903044565
0.00023102228903044565
0.00023102228903044565
0.00023102228903044565
0.00023102228903044565
0.00023102228903044565
0.00023102228903044565
0.00023102228903044565
0.00023102228903044565
0.00022948214043690934
0.00022948214043690934
0.00022948214043690934
0.00022948214043690934
0.00022948214043690934
0.00022948214043690934
0.00022948214043690934
0.00022948214043690934
0.00022948214043690934
0.00022794199184337304
0.00022794199184337304
0.00022794199184337304
0.00022640184324983675
0.00022640184324983675
0.00022640184324983675
0.00022640184324983675
0.00022486169465630045
0.00022486169465630045
0.00022332154606276414
0.00022332154606276414
0.00022332154606276414
0.00022332154606276414
0.00022332154606276414
0.00022178139746922783
0.00022178139746922783
0.00022178139746922783
0.00022178139746922783
0.00022024124887569152
0.00022024124887569152
0.00022024124887569152
0.00022024124887569152
0.0002187011002821552
0.0002187011002821552
0.0002187011002821552
0.0002187011002821552
0.0002187011002821552
0.0002187011002821552
0.0002187011002821552
0.0002187011002821552
0.00021716095168861893
0.00021716095168861893
0.00021716095168861893
0.00021716095168861893
0.00021716095168861893
0.00021562080309508262
0.00021562080309508262
0.00021562080309508262
0.00021562080309508262
0.00021562080309508262
0.00021562080309508262
0.0002140806545015463
0.0002140806545015463
0.0002140806545015463
0.00021254050590801
0.00021254050590801
0.00021254050590801
0.00021254050590801
0.00021254050590801
0.00021254050590801
0.00021254050590801
0.00021254050590801
0.00021254050590801
0.0002110003573144737
0.0002110003573144737
0.0002110003573144737
0.0002110003573144737
0.0002110003573144737
0.0002110003573144737
0.0002110003573144737
0.0002094602087209374
0.0002094602087209374
0.0002094602087209374
0.0002094602087209374
0.0002094602087209374
0.0002094602087209374
0.0002094602087209374
0.0002094602087209374
0.00020792006012740108
0.00020792006012740108
0.00020792006012740108
0.00020792006012740108
0.00020792006012740108
0.00020792006012740108
0.00020792006012740108
0.0002063799115338648
0.0002063799115338648
0.0002063799115338648
0.0002063799115338648
0.0002063799115338648
0.0002063799115338648
0.0002063799115338648
0.0002048397629403285
0.0002048397629403285
0.0002048397629403285
0.0002048397629403285
0.00020329961434679218
0.00020329961434679218
0.00020329961434679218
0.00020329961434679218
0.00020329961434679218
0.00020329961434679218
0.00020329961434679218
0.00020175946575325587
0.00020175946575325587
0.00020175946575325587
0.00020175946575325587
0.00020021931715971956
0.00020021931715971956
0.00020021931715971956
0.00020021931715971956
0.00020021931715971956
0.00020021931715971956
0.00020021931715971956
0.00019867916856618326
0.00019867916856618326
0.00019867916856618326
0.00019867916856618326
0.00019867916856618326
0.00019867916856618326
0.00019867916856618326
0.00019867916856618326
0.00019867916856618326
0.00019867916856618326
0.00019867916856618326
0.00019867916856618326
0.00019713901997264697
0.00019713901997264697
0.00019713901997264697
0.00019713901997264697
0.00019713901997264697
0.00019713901997264697
0.00019713901997264697
0.00019559887137911067
0.00019559887137911067
0.00019559887137911067
0.00019559887137911067
0.00019559887137911067
0.00019559887137911067
0.00019405872278557436
0.00019405872278557436
0.00019405872278557436
0.00019405872278557436
0.00019251857419203805
0.00019251857419203805
0.00019251857419203805
0.00019251857419203805
0.00019251857419203805
0.00019251857419203805
0.00019251857419203805
0.00019251857419203805
0.00019097842559850174
0.00019097842559850174
0.00019097842559850174
0.00019097842559850174
0.00019097842559850174
0.00019097842559850174
0.00019097842559850174
0.00019097842559850174
0.00019097842559850174
0.00018943827700496543
0.00018943827700496543
0.00018943827700496543
0.00018943827700496543
0.00018943827700496543
0.00018943827700496543
0.00018943827700496543
0.00018943827700496543
0.00018943827700496543
0.00018943827700496543
0.00018789812841142912
0.00018789812841142912
0.00018789812841142912
0.00018789812841142912
0.00018789812841142912
0.00018789812841142912
0.00018789812841142912
0.00018789812841142912
0.00018789812841142912
0.00018789812841142912
0.00018635797981789284
0.00018635797981789284
0.00018635797981789284
0.00018635797981789284
0.00018635797981789284
0.00018635797981789284
0.00018481783122435653
0.00018481783122435653
0.00018481783122435653
0.00018481783122435653
0.00018481783122435653
0.00018481783122435653
0.00018481783122435653
0.00018327768263082022
0.00018327768263082022
0.00018327768263082022
0.00018327768263082022
0.00018327768263082022
0.00018173753403728392
0.00018173753403728392
0.00018173753403728392
0.00018173753403728392
0.00018173753403728392
0.00018173753403728392
0.00018173753403728392
0.0001801973854437476
0.0001801973854437476
0.0001801973854437476
0.0001801973854437476
0.0001801973854437476
0.0001786572368502113
0.0001786572368502113
0.0001786572368502113
0.0001786572368502113
0.0001786572368502113
0.0001786572368502113
0.0001786572368502113
0.0001786572368502113
0.000177117088256675
0.000177117088256675
0.000177117088256675
0.000177117088256675
0.000177117088256675
0.000177117088256675
0.000177117088256675
0.000177117088256675
0.0001755769396631387
0.0001755769396631387
0.0001755769396631387
0.0001755769396631387
0.0001755769396631387
0.0001755769396631387
0.0001755769396631387
0.0001755769396631387
0.0001755769396631387
0.0001755769396631387
0.0001755769396631387
0.0001740367910696024
0.0001740367910696024
0.0001740367910696024
0.0001740367910696024
0.0001740367910696024
0.0001740367910696024
0.0001740367910696024
0.0001740367910696024
0.0001724966424760661
0.0001724966424760661
0.0001724966424760661
0.0001724966424760661
0.0001724966424760661
0.0001724966424760661
0.0001724966424760661
0.00017095649388252978
0.00017095649388252978
0.00017095649388252978
0.00017095649388252978
0.00017095649388252978
0.00017095649388252978
0.00017095649388252978
0.00017095649388252978
0.00017095649388252978
0.00017095649388252978
0.00017095649388252978
0.00016941634528899348
0.00016941634528899348
0.00016941634528899348
0.00016941634528899348
0.00016941634528899348
0.00016941634528899348
0.00016941634528899348
0.00016941634528899348
0.00016941634528899348
0.00016941634528899348
0.00016787619669545717
0.00016787619669545717
0.00016787619669545717
0.00016787619669545717
0.00016787619669545717
0.00016787619669545717
