0.03645523443519991
0.035065302419944794
0.026140475795675116
0.022151127064170967
0.021912156296635878
0.010056280054231733
0.009583215473601046
0.009363752523823923
0.009027242667499
0.008661471084537128
0.008407869453683563
0.008105498278435083
0.006183978229275382
0.006062054368288092
0.005467065926670113
0.005437804200033164
0.00521834125025604
0.005193956478058582
0.005169571705861123
0.004886708348370609
0.00482818489509671
0.004789169259580777
0.0047794153507017935
0.004755030578504336
0.0047306458063068775
0.004725768851867386
0.004613598899759079
0.004569706309803654
0.004550198492045687
0.00443802853993738
0.004379505086663481
0.004316104678950089
0.004008856549262117
0.004003979594822626
0.0037601318728480437
0.003574807604147362
0.0035552997863893955
0.0035260380597524456
0.0033553446543702387
0.0033212059732937974
0.003291944246656848
0.0032187899300644735
0.0031651434312300656
0.003121250841274641
0.003091989114637691
0.003082235205758708
0.003077358251319216
0.0030480965246822665
0.0029651882992109088
0.002921295709255484
0.002887157028179043
0.00281887966602616
0.0027554792583127687
0.0027506023038732772
0.0027067097139178526
0.002648186260643953
0.00260917062512802
0.002570154989612087
0.0025018776274592044
0.002492123718580221
0.002482369809701238
0.002477492855261746
0.0024628619919432712
0.00237019985759293
0.0023653229031534388
0.002321430313198014
0.0023165533587585223
0.002253152951045131
0.0021995064522107232
0.0021897525433317404
0.0021556138622552986
0.002150736907815807
0.002126352135618349
0.002116598226739366
0.002116598226739366
0.0021068443178603826
0.0020727056367839413
0.0020531978190259747
0.002033690001268008
0.0019654126391151256
0.0019556587302361423
0.0019556587302361423
0.0019556587302361423
0.0019507817757966504
0.0019263970035991924
0.0019263970035991924
0.0018971352769622425
0.001892258322522751
0.0018581196414463096
0.0018581196414463096
0.0018191040059303766
0.0018044731426119017
0.0017557035982169854
0.0017508266437774938
0.0017459496893380022
0.0017459496893380022
0.0017410727348985105
0.0017166879627010525
0.0017118110082615609
0.001697180144943086
0.001697180144943086
0.0016923031905035943
0.0016874262360641026
0.001682549281624611
0.001672795372745628
0.0016630414638666446
0.0016484106005481697
0.0016093949650322367
0.0015947641017137618
0.0015947641017137618
0.0015655023750768121
0.0015557484661978288
0.0015557484661978288
0.0015313636940003706
0.001511855876242404
0.001511855876242404
0.001511855876242404
0.0015069789218029126
0.0014825941496054544
0.0014679632862869794
0.0014630863318474878
0.0014387015596500298
0.0014045628785735883
0.0013996859241340968
0.0013948089696946052
0.0013801781063761303
0.0013606702886181637
0.001355793334178672
0.0013509163797391804
0.0013509163797391804
0.0013411624708601973
0.0013411624708601973
0.001331408561981214
0.001331408561981214
0.001316777698662739
0.0013070237897837558
0.0013070237897837558
0.0013021468353442641
0.0013021468353442641
0.0012972698809047725
0.0012972698809047725
0.0012923929264652809
0.0012875159720257894
0.0012875159720257894
0.0012680081542678228
0.0012631311998283312
0.0012485003365098563
0.0012436233820703646
0.0012436233820703646
0.0012436233820703646
0.001238746427630873
0.00122899251875189
0.0012241155643123983
0.0012241155643123983
0.0012192386098729066
0.001214361655433415
0.001214361655433415
0.001214361655433415
0.0012046077465544317
0.00119973079211494
0.0011704690654779904
0.0011655921110384987
0.0011558382021595154
0.0011558382021595154
0.0011460842932805321
0.0011460842932805321
0.0011412073388410405
0.0011412073388410405
0.0011363303844015489
0.0011314534299620572
0.0011314534299620572
0.0011314534299620572
0.0011168225666435825
0.0011119456122040908
0.0011021917033251076
0.0011021917033251076
0.0011021917033251076
0.001097314748885616
0.0010924377944461243
0.0010924377944461243
0.0010875608400066326
0.0010875608400066326
0.001082683885567141
0.001082683885567141
0.0010778069311276493
0.0010778069311276493
0.0010729299766881577
0.0010729299766881577
0.0010485452044906997
0.001043668250051208
0.0010387912956117164
0.0010339143411722247
0.0010241604322932414
0.0010192834778537498
0.0010095295689747667
0.001004652614535275
0.001004652614535275
0.0009997756600957834
0.0009997756600957834
0.0009997756600957834
0.0009948987056562918
0.0009948987056562918
0.0009948987056562918
0.0009900217512168001
0.0009851447967773085
0.0009851447967773085
0.0009753908878983252
0.0009705139334588337
0.000965636979019342
0.000965636979019342
0.0009607600245798504
0.0009607600245798504
0.0009607600245798504
0.0009607600245798504
0.0009558830701403587
0.0009510061157008671
0.0009510061157008671
0.0009510061157008671
0.0009461291612613755
0.0009412522068218839
0.0009412522068218839
0.0009363752523823923
0.0009363752523823923
0.0009314982979429006
0.000926621343503409
0.000926621343503409
0.0009217443890639173
0.0009168674346244258
0.0009168674346244258
0.0009168674346244258
0.0009168674346244258
0.0009168674346244258
0.0009168674346244258
0.0009119904801849341
0.0009119904801849341
0.0009071135257454425
0.0009071135257454425
0.0009071135257454425
0.0009022365713059508
0.0009022365713059508
0.0008973596168664592
0.0008973596168664592
0.0008973596168664592
0.000887605707987476
0.000887605707987476
0.000887605707987476
0.0008827287535479844
0.0008778517991084927
0.0008778517991084927
0.0008778517991084927
0.0008778517991084927
0.0008778517991084927
0.0008778517991084927
0.0008778517991084927
0.0008680978902295094
0.0008680978902295094
0.0008632209357900179
0.0008632209357900179
0.0008632209357900179
0.0008632209357900179
0.0008583439813505263
0.0008583439813505263
0.0008534670269110346
0.0008534670269110346
0.0008534670269110346
0.0008534670269110346
0.000848590072471543
0.0008437131180320513
0.0008437131180320513
0.0008437131180320513
0.0008388361635925597
0.0008388361635925597
0.0008290822547135765
0.0008242053002740848
0.0008242053002740848
0.0008193283458345932
0.0008144513913951015
0.00080957443695561
0.00080957443695561
0.00080957443695561
0.0008046974825161184
0.0008046974825161184
0.0008046974825161184
0.0008046974825161184
0.0007998205280766267
0.0007998205280766267
0.0007949435736371351
0.0007900666191976434
0.0007900666191976434
0.0007900666191976434
0.0007900666191976434
0.0007900666191976434
0.0007851896647581518
0.0007851896647581518
0.0007851896647581518
0.0007851896647581518
0.0007851896647581518
0.0007803127103186602
0.0007754357558791686
0.0007754357558791686
0.0007754357558791686
0.000770558801439677
0.000770558801439677
0.0007656818470001853
0.0007608048925606937
0.0007608048925606937
0.0007608048925606937
0.000755927938121202
0.000755927938121202
0.000755927938121202
0.0007510509836817105
0.0007510509836817105
0.0007510509836817105
0.0007510509836817105
0.0007461740292422188
0.0007461740292422188
0.0007412970748027272
0.0007364201203632355
0.0007364201203632355
0.0007364201203632355
0.0007364201203632355
0.0007266662114842524
0.0007266662114842524
0.0007266662114842524
0.0007217892570447607
0.0007217892570447607
0.0007217892570447607
0.0007217892570447607
0.0007169123026052691
0.0007169123026052691
0.0007120353481657774
0.0007120353481657774
0.0007120353481657774
0.0007071583937262858
0.0007071583937262858
0.0007071583937262858
0.0007022814392867941
0.0007022814392867941
0.0007022814392867941
0.0007022814392867941
0.0007022814392867941
0.0007022814392867941
0.0006974044848473026
0.0006974044848473026
0.0006974044848473026
0.0006974044848473026
0.000692527530407811
0.000692527530407811
0.000692527530407811
0.0006876505759683193
0.0006876505759683193
0.0006827736215288277
0.0006827736215288277
0.0006827736215288277
0.0006827736215288277
0.0006827736215288277
0.0006827736215288277
0.000677896667089336
0.000677896667089336
0.000677896667089336
0.000677896667089336
0.000677896667089336
0.000677896667089336
0.0006730197126498444
0.0006730197126498444
0.0006681427582103528
0.0006681427582103528
0.0006681427582103528
0.0006583888493313695
0.0006583888493313695
0.0006583888493313695
0.0006535118948918779
0.0006486349404523863
0.0006486349404523863
0.0006437579860128947
0.0006437579860128947
0.0006388810315734031
0.0006388810315734031
0.0006388810315734031
0.0006388810315734031
0.0006340040771339114
0.0006340040771339114
0.0006340040771339114
0.0006291271226944198
0.0006291271226944198
0.0006242501682549281
0.0006242501682549281
0.0006193732138154365
0.0006193732138154365
0.0006193732138154365
0.0006193732138154365
0.0006193732138154365
0.0006193732138154365
0.0006193732138154365
0.0006193732138154365
0.000614496259375945
0.0006096193049364533
0.0006096193049364533
0.0006047423504969617
0.0006047423504969617
0.0006047423504969617
0.0006047423504969617
0.00059986539605747
0.00059986539605747
0.00059986539605747
0.00059986539605747
0.0005949884416179784
0.0005949884416179784
0.0005949884416179784
0.0005949884416179784
0.0005901114871784868
0.0005901114871784868
0.0005901114871784868
0.0005901114871784868
0.0005901114871784868
0.0005901114871784868
0.0005852345327389952
0.0005852345327389952
0.0005852345327389952
0.0005852345327389952
0.0005852345327389952
0.0005852345327389952
0.0005852345327389952
0.0005852345327389952
0.0005803575782995035
0.0005803575782995035
0.0005803575782995035
0.0005754806238600119
0.0005754806238600119
0.0005754806238600119
0.0005754806238600119
0.0005706036694205202
0.0005706036694205202
0.0005657267149810286
0.0005608497605415371
0.0005608497605415371
0.0005559728061020454
0.0005559728061020454
0.0005559728061020454
0.0005559728061020454
0.0005510958516625538
0.0005510958516625538
0.0005510958516625538
0.0005510958516625538
0.0005510958516625538
0.0005462188972230621
0.0005462188972230621
0.0005462188972230621
0.0005462188972230621
0.0005413419427835705
0.0005413419427835705
0.0005413419427835705
0.0005413419427835705
0.0005413419427835705
0.0005413419427835705
0.0005413419427835705
0.0005413419427835705
0.0005413419427835705
0.0005413419427835705
0.0005413419427835705
0.0005364649883440788
0.0005364649883440788
0.0005364649883440788
0.0005364649883440788
0.0005315880339045873
0.0005315880339045873
0.0005315880339045873
0.0005315880339045873
0.0005267110794650957
0.0005267110794650957
0.000521834125025604
0.000521834125025604
0.000521834125025604
0.000521834125025604
0.000521834125025604
0.000521834125025604
0.0005169571705861124
0.0005120802161466207
0.0005120802161466207
0.0005120802161466207
0.0005120802161466207
0.0005120802161466207
0.0005072032617071292
0.0005072032617071292
0.0005072032617071292
0.0005072032617071292
0.0005072032617071292
0.0005072032617071292
0.0005023263072676375
0.0005023263072676375
0.0005023263072676375
0.0005023263072676375
0.0005023263072676375
0.0004974493528281459
0.0004974493528281459
0.0004925723983886542
0.0004925723983886542
0.0004925723983886542
0.0004925723983886542
0.0004925723983886542
0.0004925723983886542
0.0004925723983886542
0.0004925723983886542
0.0004925723983886542
0.0004876954439491626
0.0004876954439491626
0.0004876954439491626
0.0004876954439491626
0.0004876954439491626
0.0004876954439491626
0.0004876954439491626
0.0004876954439491626
0.0004876954439491626
0.0004876954439491626
0.0004876954439491626
0.0004876954439491626
0.0004876954439491626
0.000482818489509671
0.000482818489509671
0.000482818489509671
0.000482818489509671
0.00047794153507017936
0.00047794153507017936
0.00047794153507017936
0.00047794153507017936
0.00047794153507017936
0.00047794153507017936
0.00047306458063068777
0.00047306458063068777
0.00047306458063068777
0.00047306458063068777
0.00047306458063068777
0.00047306458063068777
0.00047306458063068777
0.00047306458063068777
0.00047306458063068777
0.0004681876261911961
0.0004681876261911961
0.0004681876261911961
0.0004681876261911961
0.0004681876261911961
0.0004633106717517045
0.0004633106717517045
0.0004633106717517045
0.0004633106717517045
0.0004633106717517045
0.0004633106717517045
0.0004633106717517045
0.0004633106717517045
0.0004633106717517045
0.0004584337173122129
0.0004584337173122129
0.0004584337173122129
0.0004584337173122129
0.0004584337173122129
0.0004584337173122129
0.00045355676287272124
0.00045355676287272124
0.00045355676287272124
0.00045355676287272124
0.00045355676287272124
0.00045355676287272124
0.00045355676287272124
0.00045355676287272124
0.0004486798084332296
0.0004486798084332296
0.0004486798084332296
0.0004486798084332296
0.0004486798084332296
0.0004486798084332296
0.0004486798084332296
0.0004486798084332296
0.000443802853993738
0.000443802853993738
0.000443802853993738
0.000443802853993738
0.000443802853993738
0.000443802853993738
0.000443802853993738
0.000443802853993738
0.000443802853993738
0.000443802853993738
0.000443802853993738
0.000443802853993738
0.00043892589955424636
0.00043892589955424636
0.00043892589955424636
0.00043892589955424636
0.00043892589955424636
0.0004340489451147547
0.0004340489451147547
0.0004340489451147547
0.0004340489451147547
0.0004340489451147547
0.0004340489451147547
0.0004340489451147547
0.0004340489451147547
0.0004291719906752631
0.0004291719906752631
0.0004291719906752631
0.0004291719906752631
0.0004291719906752631
0.0004291719906752631
0.0004291719906752631
0.0004291719906752631
0.0004291719906752631
0.0004291719906752631
0.0004291719906752631
0.0004242950362357715
0.0004242950362357715
0.00041941808179627983
0.00041941808179627983
0.00041941808179627983
0.00041941808179627983
0.00041941808179627983
0.00041941808179627983
0.00041941808179627983
0.00041941808179627983
0.00041941808179627983
0.00041941808179627983
0.00041941808179627983
0.00041941808179627983
0.00041941808179627983
0.00041941808179627983
0.00041454112735678824
0.00041454112735678824
0.00041454112735678824
0.00041454112735678824
0.00041454112735678824
0.00041454112735678824
0.00041454112735678824
0.00041454112735678824
0.00041454112735678824
0.00041454112735678824
0.00041454112735678824
0.00041454112735678824
0.0004096641729172966
0.0004096641729172966
0.0004096641729172966
0.0004096641729172966
0.0004096641729172966
0.0004096641729172966
0.0004096641729172966
0.0004096641729172966
0.0004096641729172966
0.000404787218477805
0.000404787218477805
0.000404787218477805
0.000404787218477805
0.000404787218477805
0.000404787218477805
0.000404787218477805
0.000404787218477805
0.000404787218477805
0.000404787218477805
0.000404787218477805
0.00039991026403831336
0.00039991026403831336
0.00039991026403831336
0.00039991026403831336
0.00039991026403831336
0.00039991026403831336
0.00039991026403831336
0.00039991026403831336
0.00039991026403831336
0.00039991026403831336
0.00039991026403831336
0.00039991026403831336
0.00039991026403831336
0.00039991026403831336
0.00039991026403831336
0.00039991026403831336
0.00039991026403831336
0.00039991026403831336
0.0003950333095988217
0.0003950333095988217
0.0003950333095988217
0.0003950333095988217
0.0003950333095988217
0.0003950333095988217
0.0003950333095988217
0.0003950333095988217
0.0003950333095988217
0.0003950333095988217
0.0003950333095988217
0.0003950333095988217
0.0003950333095988217
0.0003950333095988217
0.0003950333095988217
0.0003950333095988217
0.0003950333095988217
0.0003901563551593301
0.0003901563551593301
0.0003901563551593301
0.0003901563551593301
0.0003901563551593301
0.0003901563551593301
0.0003901563551593301
0.0003901563551593301
0.0003901563551593301
0.0003901563551593301
0.0003901563551593301
0.0003852794007198385
0.0003852794007198385
0.0003852794007198385
0.0003852794007198385
0.0003852794007198385
0.0003852794007198385
0.0003852794007198385
0.0003852794007198385
0.0003852794007198385
0.0003852794007198385
0.0003852794007198385
0.00038040244628034683
0.00038040244628034683
0.00038040244628034683
0.00038040244628034683
0.00038040244628034683
0.00038040244628034683
0.00038040244628034683
0.00038040244628034683
0.00038040244628034683
0.00038040244628034683
0.00038040244628034683
0.00038040244628034683
0.00038040244628034683
0.00038040244628034683
0.00037552549184085524
0.00037552549184085524
0.00037552549184085524
0.00037552549184085524
0.00037552549184085524
0.00037552549184085524
0.00037552549184085524
0.00037552549184085524
0.00037552549184085524
0.00037552549184085524
0.00037552549184085524
0.00037552549184085524
0.00037552549184085524
0.0003706485374013636
0.0003706485374013636
0.0003706485374013636
0.0003706485374013636
0.0003706485374013636
0.0003706485374013636
0.0003706485374013636
0.0003706485374013636
0.0003706485374013636
0.0003706485374013636
0.0003706485374013636
0.0003706485374013636
0.0003706485374013636
0.0003706485374013636
0.0003706485374013636
0.00036577158296187195
0.00036577158296187195
0.00036577158296187195
0.00036577158296187195
0.00036577158296187195
0.00036577158296187195
0.00036577158296187195
0.00036577158296187195
0.00036577158296187195
0.00036577158296187195
0.00036577158296187195
0.00036577158296187195
0.00036089462852238036
0.00036089462852238036
0.00036089462852238036
0.00036089462852238036
0.00036089462852238036
0.00036089462852238036
0.00036089462852238036
0.00036089462852238036
0.00036089462852238036
0.00036089462852238036
0.00036089462852238036
0.00036089462852238036
0.00036089462852238036
0.00036089462852238036
0.00036089462852238036
0.0003560176740828887
0.0003560176740828887
0.0003560176740828887
0.0003560176740828887
0.0003560176740828887
0.0003560176740828887
0.0003560176740828887
0.0003560176740828887
0.0003560176740828887
0.0003560176740828887
0.0003560176740828887
0.0003560176740828887
0.0003560176740828887
0.0003560176740828887
0.0003560176740828887
0.0003560176740828887
0.0003560176740828887
0.0003560176740828887
0.0003560176740828887
0.0003560176740828887
0.0003560176740828887
0.0003560176740828887
0.0003560176740828887
0.00035114071964339707
0.00035114071964339707
0.00035114071964339707
0.00035114071964339707
0.00035114071964339707
0.00035114071964339707
0.00035114071964339707
0.00035114071964339707
0.00035114071964339707
0.00035114071964339707
0.00035114071964339707
0.00035114071964339707
0.00035114071964339707
0.00035114071964339707
0.00035114071964339707
0.00035114071964339707
0.00035114071964339707
0.00035114071964339707
0.00035114071964339707
0.00035114071964339707
0.00035114071964339707
0.0003462637652039055
0.0003462637652039055
0.0003462637652039055
0.0003462637652039055
0.0003462637652039055
0.0003462637652039055
0.0003462637652039055
0.0003462637652039055
0.0003462637652039055
0.0003462637652039055
0.0003462637652039055
0.0003462637652039055
0.0003462637652039055
0.0003462637652039055
0.0003462637652039055
0.00034138681076441383
0.00034138681076441383
0.00034138681076441383
0.00034138681076441383
0.00034138681076441383
0.00034138681076441383
0.00034138681076441383
0.00034138681076441383
0.00034138681076441383
0.00034138681076441383
0.00034138681076441383
0.00034138681076441383
0.00034138681076441383
0.00034138681076441383
0.00034138681076441383
0.00034138681076441383
0.00034138681076441383
0.00034138681076441383
0.00034138681076441383
0.00034138681076441383
0.00034138681076441383
0.00034138681076441383
0.00034138681076441383
0.0003365098563249222
0.0003365098563249222
0.0003365098563249222
0.0003365098563249222
0.0003365098563249222
0.0003365098563249222
0.0003365098563249222
0.0003365098563249222
0.0003365098563249222
0.0003365098563249222
0.0003365098563249222
0.0003365098563249222
0.0003365098563249222
0.0003365098563249222
0.0003365098563249222
0.0003365098563249222
0.0003365098563249222
0.0003365098563249222
0.0003365098563249222
0.0003316329018854306
0.0003316329018854306
0.0003316329018854306
0.0003316329018854306
0.0003316329018854306
0.0003316329018854306
0.0003316329018854306
0.0003316329018854306
0.0003316329018854306
0.0003316329018854306
0.0003316329018854306
0.0003316329018854306
0.0003316329018854306
0.0003316329018854306
0.0003316329018854306
0.0003316329018854306
0.0003316329018854306
0.0003316329018854306
0.0003316329018854306
0.00032675594744593895
0.00032675594744593895
0.00032675594744593895
0.00032675594744593895
0.00032675594744593895
0.00032675594744593895
0.00032675594744593895
0.00032675594744593895
0.00032675594744593895
0.00032675594744593895
0.00032675594744593895
0.00032675594744593895
0.00032675594744593895
0.00032675594744593895
0.00032675594744593895
0.00032675594744593895
0.00032675594744593895
0.00032675594744593895
0.00032187899300644736
0.00032187899300644736
0.00032187899300644736
0.00032187899300644736
0.00032187899300644736
0.00032187899300644736
0.00032187899300644736
0.00032187899300644736
0.00032187899300644736
0.00032187899300644736
0.00032187899300644736
0.00032187899300644736
0.00032187899300644736
0.00032187899300644736
0.00032187899300644736
0.00032187899300644736
0.0003170020385669557
0.0003170020385669557
0.0003170020385669557
0.0003170020385669557
0.0003170020385669557
0.0003170020385669557
0.0003170020385669557
0.0003170020385669557
0.0003170020385669557
0.0003170020385669557
0.0003170020385669557
0.0003170020385669557
0.0003170020385669557
0.0003170020385669557
0.0003170020385669557
0.0003170020385669557
0.0003170020385669557
0.0003170020385669557
0.0003170020385669557
0.0003170020385669557
0.00031212508412746407
0.00031212508412746407
0.00031212508412746407
0.00031212508412746407
0.00031212508412746407
0.00031212508412746407
0.00031212508412746407
0.00031212508412746407
0.00031212508412746407
0.00031212508412746407
0.00031212508412746407
0.00031212508412746407
0.00031212508412746407
0.00031212508412746407
0.00031212508412746407
0.00031212508412746407
0.00031212508412746407
0.00031212508412746407
0.00031212508412746407
0.00031212508412746407
0.00031212508412746407
0.00031212508412746407
0.0003072481296879725
0.0003072481296879725
0.0003072481296879725
0.0003072481296879725
0.0003072481296879725
0.0003072481296879725
0.0003072481296879725
0.0003072481296879725
0.0003072481296879725
0.0003072481296879725
0.0003072481296879725
0.0003072481296879725
0.0003072481296879725
0.0003072481296879725
0.0003072481296879725
0.0003072481296879725
0.0003072481296879725
0.0003072481296879725
0.0003072481296879725
0.0003072481296879725
0.0003072481296879725
0.00030237117524848083
