0.048978593936759754
0.020183635770944258
0.015647071607084645
0.015538411387591003
0.014533304357274802
0.011979789199174182
0.011219167662718679
0.010309138324459415
0.009657177007497556
0.009521351733130502
0.009331196349016625
0.00869281755949147
0.008570574812561122
0.006709768553732479
0.006410952950124959
0.006383787895251548
0.006247962620884494
0.006098554819080735
0.00593556448984027
0.005867651852656743
0.005663913941106161
0.005650331413669455
0.005283603172878409
0.004726719547973487
0.004645224383353254
0.0044686515266760835
0.004373573834619146
0.004373573834619146
0.004332826252309029
0.004142670868195154
0.004129088340758449
0.004074758231011627
0.003979680538954688
0.003966098011517983
0.003898185374334456
0.0037216125176572855
0.0035857872432902313
0.003545039660980115
0.0034635444963598827
0.003409214386613061
0.003409214386613061
0.0033956318591763556
0.0033956318591763556
0.0033005541671194175
0.0032869716396827123
0.0032598065848093013
0.003151146365315658
0.003110398783005542
0.002798000651961317
0.0027572530696512005
0.0026214277952841467
0.0025535151581006195
0.002512767575790503
0.0024991850483537977
0.0024584374660436815
0.0024312724111702705
0.0024312724111702705
0.0024041073562968596
0.0024041073562968596
0.0024041073562968596
0.0024041073562968596
0.0022954471368032163
0.0022954471368032163
0.0022546995544931
0.002241117027056395
0.002213951972182984
0.002200369444746278
0.002186786917309573
0.002186786917309573
0.0021732043898728677
0.0021732043898728677
0.002159621862436162
0.0021460393349994568
0.002118874280126046
0.002091709225252635
0.0020237965880691077
0.0020237965880691077
0.0019830490057589916
0.0019830490057589916
0.0019423014234488754
0.0019423014234488754
0.00192871889601217
0.00192871889601217
0.00192871889601217
0.0018879713137020537
0.0018879713137020537
0.0018879713137020537
0.0018743887862653482
0.0018608062588286428
0.0018608062588286428
0.0018608062588286428
0.0018472237313919375
0.0018200586765185266
0.0018064761490818211
0.0017793110942084104
0.0017521460393349994
0.0017521460393349994
0.001738563511898294
0.0017113984570248833
0.0016706508747147669
0.0016570683472780616
0.0016434858198413561
0.0016299032924046507
0.0015891557100945345
0.0015891557100945345
0.0015619906552211235
0.0015619906552211235
0.001548408127784418
0.001548408127784418
0.0015348256003477128
0.0015212430729110073
0.0014940780180375964
0.0014940780180375964
0.0014940780180375964
0.0014940780180375964
0.0014940780180375964
0.001480495490600891
0.001480495490600891
0.0014669129631641857
0.0014669129631641857
0.0014533304357274802
0.0014533304357274802
0.0014397479082907747
0.0014397479082907747
0.0014125828534173638
0.0014125828534173638
0.0013990003259806586
0.001385417798543953
0.0013582527436705421
0.0013582527436705421
0.001344670216233837
0.001344670216233837
0.0013310876887971314
0.001317505161360426
0.0013039226339237205
0.0013039226339237205
0.001290340106487015
0.001290340106487015
0.0012767575790503098
0.0012631750516136043
0.0012495925241768988
0.0012495925241768988
0.0012495925241768988
0.0012495925241768988
0.0012360099967401934
0.0012224274693034879
0.0012224274693034879
0.0012224274693034879
0.0011952624144300772
0.0011952624144300772
0.0011816798869933717
0.0011816798869933717
0.0011816798869933717
0.0011680973595566662
0.0011680973595566662
0.0011680973595566662
0.001154514832119961
0.0011409323046832555
0.0011409323046832555
0.0011409323046832555
0.00112734977724655
0.00112734977724655
0.00112734977724655
0.00112734977724655
0.00112734977724655
0.0011137672498098446
0.0011137672498098446
0.0011137672498098446
0.0011137672498098446
0.001100184722373139
0.001100184722373139
0.001100184722373139
0.001100184722373139
0.0010866021949364338
0.0010866021949364338
0.0010730196674997284
0.0010730196674997284
0.0010730196674997284
0.0010730196674997284
0.0010458546126263174
0.0010322720851896122
0.0010322720851896122
0.0010322720851896122
0.0010322720851896122
0.0010322720851896122
0.0010186895577529067
0.0010186895577529067
0.0010186895577529067
0.0010186895577529067
0.0010186895577529067
0.0010186895577529067
0.0010051070303162012
0.0010051070303162012
0.0009915245028794958
0.0009915245028794958
0.0009779419754427903
0.0009779419754427903
0.0009779419754427903
0.0009779419754427903
0.000964359448006085
0.000964359448006085
0.000964359448006085
0.000964359448006085
0.000964359448006085
0.000964359448006085
0.000964359448006085
0.0009507769205693796
0.0009507769205693796
0.0009507769205693796
0.0009507769205693796
0.0009507769205693796
0.0009371943931326741
0.0009371943931326741
0.0009371943931326741
0.0009371943931326741
0.0009371943931326741
0.0009236118656959688
0.0009236118656959688
0.0009236118656959688
0.0009100293382592633
0.0009100293382592633
0.0009100293382592633
0.0008964468108225578
0.0008964468108225578
0.0008964468108225578
0.0008964468108225578
0.0008964468108225578
0.0008964468108225578
0.0008964468108225578
0.0008828642833858525
0.0008828642833858525
0.0008828642833858525
0.0008828642833858525
0.0008828642833858525
0.0008828642833858525
0.000869281755949147
0.000869281755949147
0.000869281755949147
0.000869281755949147
0.000869281755949147
0.000869281755949147
0.000869281755949147
0.000869281755949147
0.000869281755949147
0.0008556992285124416
0.0008556992285124416
0.0008556992285124416
0.0008556992285124416
0.0008556992285124416
0.0008556992285124416
0.0008556992285124416
0.0008421167010757362
0.0008421167010757362
0.0008421167010757362
0.0008421167010757362
0.0008285341736390308
0.0008285341736390308
0.0008285341736390308
0.0008285341736390308
0.0008285341736390308
0.0008285341736390308
0.0008285341736390308
0.0008149516462023253
0.0008149516462023253
0.0008149516462023253
0.0008013691187656199
0.0008013691187656199
0.0008013691187656199
0.0008013691187656199
0.0008013691187656199
0.0008013691187656199
0.0008013691187656199
0.0008013691187656199
0.0008013691187656199
0.0008013691187656199
0.0007877865913289145
0.0007877865913289145
0.0007877865913289145
0.0007877865913289145
0.0007877865913289145
0.0007877865913289145
0.0007877865913289145
0.0007877865913289145
0.0007877865913289145
0.0007877865913289145
0.0007877865913289145
0.000774204063892209
0.000774204063892209
0.000774204063892209
0.000774204063892209
0.000774204063892209
0.000774204063892209
0.000774204063892209
0.000774204063892209
0.000774204063892209
0.000774204063892209
0.000774204063892209
0.0007606215364555037
0.0007606215364555037
0.0007606215364555037
0.0007606215364555037
0.0007606215364555037
0.0007606215364555037
0.0007606215364555037
0.0007606215364555037
0.0007470390090187982
0.0007470390090187982
0.0007470390090187982
0.0007470390090187982
0.0007470390090187982
0.0007470390090187982
0.0007334564815820928
0.0007334564815820928
0.0007334564815820928
0.0007334564815820928
0.0007334564815820928
0.0007334564815820928
0.0007334564815820928
0.0007334564815820928
0.0007334564815820928
0.0007334564815820928
0.0007334564815820928
0.0007334564815820928
0.0007334564815820928
0.0007334564815820928
0.0007198739541453874
0.0007198739541453874
0.0007198739541453874
0.0007198739541453874
0.0007198739541453874
0.0007198739541453874
0.0007198739541453874
0.0007198739541453874
0.0007198739541453874
0.0007062914267086819
0.0007062914267086819
0.0007062914267086819
0.0007062914267086819
0.0007062914267086819
0.0007062914267086819
0.0007062914267086819
0.0007062914267086819
0.0007062914267086819
0.0007062914267086819
0.0007062914267086819
0.0006927088992719765
0.0006927088992719765
0.0006927088992719765
0.0006927088992719765
0.0006927088992719765
0.0006927088992719765
0.0006927088992719765
0.0006927088992719765
0.0006791263718352711
0.0006791263718352711
0.0006791263718352711
0.0006791263718352711
0.0006791263718352711
0.0006791263718352711
0.0006655438443985657
0.0006655438443985657
0.0006655438443985657
0.0006655438443985657
0.0006655438443985657
0.0006655438443985657
0.0006655438443985657
0.0006655438443985657
0.0006655438443985657
0.0006655438443985657
0.0006655438443985657
0.0006655438443985657
0.0006519613169618602
0.0006519613169618602
0.0006519613169618602
0.0006519613169618602
0.0006519613169618602
0.0006519613169618602
0.0006519613169618602
0.0006519613169618602
0.0006519613169618602
0.0006519613169618602
0.0006519613169618602
0.0006519613169618602
0.0006519613169618602
0.0006519613169618602
0.0006519613169618602
0.0006519613169618602
0.0006519613169618602
0.0006383787895251549
0.0006383787895251549
0.0006383787895251549
0.0006383787895251549
0.0006383787895251549
0.0006383787895251549
0.0006383787895251549
0.0006383787895251549
0.0006383787895251549
0.0006383787895251549
0.0006383787895251549
0.0006383787895251549
0.0006247962620884494
0.0006247962620884494
0.0006247962620884494
0.0006247962620884494
0.0006247962620884494
0.0006247962620884494
0.0006112137346517439
0.0006112137346517439
0.0006112137346517439
0.0006112137346517439
0.0006112137346517439
0.0006112137346517439
0.0006112137346517439
0.0006112137346517439
0.0006112137346517439
0.0006112137346517439
0.0006112137346517439
0.0006112137346517439
0.0006112137346517439
0.0006112137346517439
0.0005976312072150386
0.0005976312072150386
0.0005976312072150386
0.0005976312072150386
0.0005976312072150386
0.0005976312072150386
0.0005976312072150386
0.0005976312072150386
0.0005976312072150386
0.0005976312072150386
0.0005976312072150386
0.0005976312072150386
0.0005976312072150386
0.0005976312072150386
0.0005976312072150386
0.0005976312072150386
0.0005976312072150386
0.0005976312072150386
0.0005976312072150386
0.0005976312072150386
0.0005976312072150386
0.0005840486797783331
0.0005840486797783331
0.0005840486797783331
0.0005840486797783331
0.0005840486797783331
0.0005840486797783331
0.0005840486797783331
0.0005840486797783331
0.0005840486797783331
0.0005840486797783331
0.0005840486797783331
0.0005704661523416278
0.0005704661523416278
0.0005704661523416278
0.0005704661523416278
0.0005704661523416278
0.0005704661523416278
0.0005704661523416278
0.0005704661523416278
0.0005704661523416278
0.0005704661523416278
0.0005704661523416278
0.0005704661523416278
0.0005704661523416278
0.0005704661523416278
0.0005704661523416278
0.0005704661523416278
0.0005568836249049223
0.0005568836249049223
0.0005568836249049223
0.0005568836249049223
0.0005568836249049223
0.0005568836249049223
0.0005568836249049223
0.0005568836249049223
0.0005568836249049223
0.0005568836249049223
0.0005568836249049223
0.0005568836249049223
0.0005568836249049223
0.0005568836249049223
0.0005568836249049223
0.0005433010974682169
0.0005433010974682169
0.0005433010974682169
0.0005433010974682169
0.0005433010974682169
0.0005433010974682169
0.0005433010974682169
0.0005433010974682169
0.0005433010974682169
0.0005433010974682169
0.0005433010974682169
0.0005433010974682169
0.0005433010974682169
0.0005433010974682169
0.0005433010974682169
0.0005297185700315115
0.0005297185700315115
0.0005297185700315115
0.0005297185700315115
0.0005297185700315115
0.0005297185700315115
0.0005297185700315115
0.0005297185700315115
0.0005297185700315115
0.0005297185700315115
0.0005297185700315115
0.0005297185700315115
0.0005297185700315115
0.0005297185700315115
0.0005297185700315115
0.0005297185700315115
0.0005297185700315115
0.0005297185700315115
0.0005297185700315115
0.0005297185700315115
0.0005297185700315115
0.0005297185700315115
0.0005161360425948061
0.0005161360425948061
0.0005161360425948061
0.0005161360425948061
0.0005161360425948061
0.0005161360425948061
0.0005161360425948061
0.0005161360425948061
0.0005161360425948061
0.0005161360425948061
0.0005161360425948061
0.0005161360425948061
0.0005161360425948061
0.0005161360425948061
0.0005161360425948061
0.0005161360425948061
0.0005025535151581006
0.0005025535151581006
0.0005025535151581006
0.0005025535151581006
0.0005025535151581006
0.0005025535151581006
0.0005025535151581006
0.0005025535151581006
0.0005025535151581006
0.0005025535151581006
0.0005025535151581006
0.0005025535151581006
0.0005025535151581006
0.0005025535151581006
0.0005025535151581006
0.0005025535151581006
0.0005025535151581006
0.0005025535151581006
0.0004889709877213952
0.0004889709877213952
0.0004889709877213952
0.0004889709877213952
0.0004889709877213952
0.0004889709877213952
0.0004889709877213952
0.0004889709877213952
0.0004889709877213952
0.0004889709877213952
0.0004889709877213952
0.0004889709877213952
0.0004889709877213952
0.0004889709877213952
0.0004889709877213952
0.0004889709877213952
0.0004889709877213952
0.0004889709877213952
0.0004889709877213952
0.0004889709877213952
0.0004889709877213952
0.0004889709877213952
0.0004889709877213952
0.0004889709877213952
0.0004889709877213952
0.0004889709877213952
0.0004889709877213952
0.0004753884602846898
0.0004753884602846898
0.0004753884602846898
0.0004753884602846898
0.0004753884602846898
0.0004753884602846898
0.0004753884602846898
0.0004753884602846898
0.0004753884602846898
0.0004753884602846898
0.0004753884602846898
0.0004753884602846898
0.0004753884602846898
0.0004753884602846898
0.0004753884602846898
0.0004753884602846898
0.0004753884602846898
0.0004753884602846898
0.0004753884602846898
0.0004753884602846898
0.0004753884602846898
0.0004753884602846898
0.0004618059328479844
0.0004618059328479844
0.0004618059328479844
0.0004618059328479844
0.0004618059328479844
0.0004618059328479844
0.0004618059328479844
0.0004618059328479844
0.0004618059328479844
0.0004618059328479844
0.0004618059328479844
0.0004618059328479844
0.0004618059328479844
0.0004618059328479844
0.0004618059328479844
0.0004618059328479844
0.0004618059328479844
0.0004618059328479844
0.0004618059328479844
0.0004618059328479844
0.0004618059328479844
0.0004618059328479844
0.0004618059328479844
0.0004618059328479844
0.0004618059328479844
0.0004618059328479844
0.0004618059328479844
0.0004618059328479844
0.0004618059328479844
0.0004482234054112789
0.0004482234054112789
0.0004482234054112789
0.0004482234054112789
0.0004482234054112789
0.0004482234054112789
0.0004482234054112789
0.0004482234054112789
0.0004482234054112789
0.0004482234054112789
0.0004482234054112789
0.0004482234054112789
0.0004482234054112789
0.0004482234054112789
0.0004482234054112789
0.0004482234054112789
0.0004482234054112789
0.0004482234054112789
0.0004482234054112789
0.0004482234054112789
0.0004482234054112789
0.0004482234054112789
0.0004482234054112789
0.0004346408779745735
0.0004346408779745735
0.0004346408779745735
0.0004346408779745735
0.0004346408779745735
0.0004346408779745735
0.0004346408779745735
0.0004346408779745735
0.0004346408779745735
0.0004346408779745735
0.0004346408779745735
0.0004346408779745735
0.0004346408779745735
0.0004346408779745735
0.0004346408779745735
0.0004346408779745735
0.0004346408779745735
0.0004346408779745735
0.0004346408779745735
0.0004346408779745735
0.0004346408779745735
0.0004346408779745735
0.0004346408779745735
0.0004346408779745735
0.0004346408779745735
0.0004346408779745735
0.0004346408779745735
0.0004210583505378681
0.0004210583505378681
0.0004210583505378681
0.0004210583505378681
0.0004210583505378681
0.0004210583505378681
0.0004210583505378681
0.0004210583505378681
0.0004210583505378681
0.0004210583505378681
0.0004210583505378681
0.0004210583505378681
0.0004210583505378681
0.0004210583505378681
0.0004210583505378681
0.0004210583505378681
0.0004210583505378681
0.0004210583505378681
0.0004210583505378681
0.0004210583505378681
0.0004210583505378681
0.0004210583505378681
0.0004210583505378681
0.0004210583505378681
0.0004210583505378681
0.0004210583505378681
0.0004210583505378681
0.0004210583505378681
0.00040747582310116267
0.00040747582310116267
0.00040747582310116267
0.00040747582310116267
0.00040747582310116267
0.00040747582310116267
0.00040747582310116267
0.00040747582310116267
0.00040747582310116267
0.00040747582310116267
0.00040747582310116267
0.00040747582310116267
0.00040747582310116267
0.00040747582310116267
0.00040747582310116267
0.00040747582310116267
0.00040747582310116267
0.00040747582310116267
0.00040747582310116267
0.00040747582310116267
0.00040747582310116267
0.00040747582310116267
0.00040747582310116267
0.00040747582310116267
0.00040747582310116267
0.00040747582310116267
0.00040747582310116267
0.00040747582310116267
0.00040747582310116267
0.00040747582310116267
0.00040747582310116267
0.00040747582310116267
0.00040747582310116267
0.00040747582310116267
0.00040747582310116267
0.00039389329566445725
0.00039389329566445725
0.00039389329566445725
0.00039389329566445725
0.00039389329566445725
0.00039389329566445725
0.00039389329566445725
0.00039389329566445725
0.00039389329566445725
0.00039389329566445725
0.00039389329566445725
0.00039389329566445725
0.00039389329566445725
0.00039389329566445725
0.00039389329566445725
0.00039389329566445725
0.00039389329566445725
0.00039389329566445725
0.00039389329566445725
0.00039389329566445725
0.00039389329566445725
0.00039389329566445725
0.00039389329566445725
0.00039389329566445725
0.00039389329566445725
0.00039389329566445725
0.00039389329566445725
0.00039389329566445725
0.00039389329566445725
0.00039389329566445725
0.00039389329566445725
0.00039389329566445725
0.00039389329566445725
0.00038031076822775184
0.00038031076822775184
0.00038031076822775184
0.00038031076822775184
0.00038031076822775184
0.00038031076822775184
0.00038031076822775184
0.00038031076822775184
0.00038031076822775184
0.00038031076822775184
0.00038031076822775184
0.00038031076822775184
0.00038031076822775184
0.00038031076822775184
0.00038031076822775184
0.00038031076822775184
0.00038031076822775184
0.00038031076822775184
0.00038031076822775184
0.00038031076822775184
0.00038031076822775184
0.00038031076822775184
0.00038031076822775184
0.00038031076822775184
0.00038031076822775184
0.00038031076822775184
0.00038031076822775184
0.00038031076822775184
0.00038031076822775184
0.00038031076822775184
0.0003667282407910464
0.0003667282407910464
0.0003667282407910464
0.0003667282407910464
0.0003667282407910464
0.0003667282407910464
0.0003667282407910464
0.0003667282407910464
0.0003667282407910464
0.0003667282407910464
0.0003667282407910464
0.0003667282407910464
0.0003667282407910464
0.0003667282407910464
0.0003667282407910464
0.0003667282407910464
0.0003667282407910464
0.0003667282407910464
0.0003667282407910464
0.0003667282407910464
0.0003667282407910464
0.0003667282407910464
0.0003667282407910464
0.0003667282407910464
0.0003667282407910464
0.0003667282407910464
0.0003667282407910464
0.0003667282407910464
0.0003667282407910464
0.0003667282407910464
0.0003667282407910464
0.0003667282407910464
0.0003667282407910464
0.0003667282407910464
0.0003667282407910464
0.0003667282407910464
0.0003667282407910464
0.0003667282407910464
0.0003667282407910464
0.0003667282407910464
0.0003667282407910464
0.0003667282407910464
0.0003667282407910464
0.00035314571335434095
0.00035314571335434095
0.00035314571335434095
0.00035314571335434095
0.00035314571335434095
0.00035314571335434095
0.00035314571335434095
0.00035314571335434095
0.00035314571335434095
0.00035314571335434095
0.00035314571335434095
0.00035314571335434095
0.00035314571335434095
0.00035314571335434095
0.00035314571335434095
0.00035314571335434095
0.00035314571335434095
0.00035314571335434095
0.00035314571335434095
0.00035314571335434095
0.00035314571335434095
0.00035314571335434095
0.00035314571335434095
0.00035314571335434095
0.00035314571335434095
0.00035314571335434095
0.00035314571335434095
0.00035314571335434095
0.00035314571335434095
0.00035314571335434095
0.00035314571335434095
0.00035314571335434095
0.00035314571335434095
0.00035314571335434095
0.00035314571335434095
0.00035314571335434095
0.00035314571335434095
0.00035314571335434095
0.00035314571335434095
0.00035314571335434095
0.00035314571335434095
0.00035314571335434095
0.00035314571335434095
0.00035314571335434095
0.00035314571335434095
0.00035314571335434095
0.00035314571335434095
0.00035314571335434095
0.00035314571335434095
0.00035314571335434095
0.00035314571335434095
0.00035314571335434095
0.00035314571335434095
0.00035314571335434095
0.00035314571335434095
0.00035314571335434095
0.00035314571335434095
0.00033956318591763554
0.00033956318591763554
0.00033956318591763554
0.00033956318591763554
0.00033956318591763554
0.00033956318591763554
0.00033956318591763554
0.00033956318591763554
0.00033956318591763554
0.00033956318591763554
0.00033956318591763554
0.00033956318591763554
0.00033956318591763554
0.00033956318591763554
0.00033956318591763554
0.00033956318591763554
0.00033956318591763554
0.00033956318591763554
0.00033956318591763554
0.00033956318591763554
0.00033956318591763554
0.00033956318591763554
0.00033956318591763554
0.00033956318591763554
0.00033956318591763554
0.00033956318591763554
0.00033956318591763554
0.00033956318591763554
0.00033956318591763554
0.00033956318591763554
0.00033956318591763554
0.00033956318591763554
0.00033956318591763554
0.00033956318591763554
0.00033956318591763554
0.00033956318591763554
0.00033956318591763554
0.00033956318591763554
0.00033956318591763554
0.00033956318591763554
0.00033956318591763554
0.00033956318591763554
0.00033956318591763554
0.00033956318591763554
0.00033956318591763554
0.00033956318591763554
0.00033956318591763554
0.00033956318591763554
0.00033956318591763554
0.00033956318591763554
0.0003259806584809301
0.0003259806584809301
0.0003259806584809301
0.0003259806584809301
0.0003259806584809301
0.0003259806584809301
0.0003259806584809301
0.0003259806584809301
0.0003259806584809301
0.0003259806584809301
0.0003259806584809301
0.0003259806584809301
0.0003259806584809301
0.0003259806584809301
0.0003259806584809301
0.0003259806584809301
0.0003259806584809301
0.0003259806584809301
0.0003259806584809301
0.0003259806584809301
0.0003259806584809301
0.0003259806584809301
0.0003259806584809301
0.0003259806584809301
0.0003259806584809301
0.0003259806584809301
0.0003259806584809301
0.0003259806584809301
0.0003259806584809301
0.0003259806584809301
0.0003259806584809301
0.0003259806584809301
0.0003259806584809301
0.0003259806584809301
0.0003259806584809301
0.0003259806584809301
0.0003259806584809301
0.0003259806584809301
0.0003259806584809301
0.0003259806584809301
0.0003259806584809301
0.0003259806584809301
